0.026S
14 3
25 1
28 3
41 11
50 8
54 8
76 8
79 13
80 7
81 8
83 12
88 7
90 11
94 8
99 10
231 3
234 8
245 5
250 4
255 12
260 6
267 5
285 7
289 5
305 3
314 7
335 4
337 4
339 9
349 10
352 6
358 7
362 8
366 6
376 8
398 5
399 6
442 4
477 11
516 5
523 8
527 6
553 3
564 4
576 10
592 11
601 10
628 12
640 6
663 5
664 4
666 4
668 3
673 3
675 2
678 7
692 2
693 6
694 4
697 6
698 4
709 4
712 3
718 3
722 3
728 5
757 10
829 5
836 4
842 7
844 6
847 7
854 6
909 3
925 12
934 6
935 7
940 7
942 8
943 6
945 7
946 7
947 6
949 7
955 6
956 5
958 8
965 2
966 5
967 8
968 5
969 3
970 4
971 3
972 4
973 3
974 5
975 2
976 3
977 6
978 7
979 4
980 5
981 8
982 4
983 6
984 8
985 4
986 10
987 8
988 7
989 11
990 9
991 6
992 2
993 2
994 7
995 11
996 11
997 5
998 2
999 9
1000 5
1001 2
1002 2
1003 3
1004 8
1005 8
1006 4
1007 8
1008 7
1009 6
1010 11
1011 4
1012 8
1013 3
1014 2
1015 3
1016 5
1017 10
1018 4
1019 3
1020 8
1021 8
1022 3
1023 3
1024 2
1025 4
1026 7
1027 8
1028 6
1029 3
1030 4
1031 4
1032 6
1033 3
1034 5
1035 2
1036 4
1037 3
1038 4
1039 3
1040 9
1041 3
1042 5
1043 3
1044 5
1045 3
1046 4
1047 6
1048 10
1049 5
1050 4
1051 9
1052 6
1053 9
1054 4
1055 4
1056 3
1057 11
1058 2
1059 8
1060 7
1061 4
1062 3
1063 8
1064 5
1065 2
1066 5
1067 2
1068 3
1069 3
1070 8
1071 6
1072 1
1073 2
1074 7
1075 7
1076 11
1077 3
1078 5
1079 7
1080 5
1081 5
1082 8
1083 3
1084 5
1085 7
1086 5
1087 2
1088 8
1089 2
1090 2
1091 5
1092 5
1093 4
1094 1
1095 5
1096 1
1097 4
1098 3
1099 2
1100 5
1101 8
1102 3
1103 6
1104 3
1105 3
1106 2
1107 4
1108 8
1109 7
1110 10
1111 6
1112 4
1113 1
1114 8
1115 7
1116 6
1117 11
1118 7
1119 4
1120 1
1121 2
1122 10
1123 3
1124 3
1125 6
1126 6
1127 9
1128 4
1129 3
1130 2
1131 1
1132 2
1133 7
1134 4
1135 4
1136 6
1137 5
1138 5
1139 3
1140 1
1141 5
1142 7
1143 8
1144 7
1145 3
1146 4
1147 4
1148 3
1149 1
1150 1
1151 2
1152 1
1153 5
1154 2
1155 5
1156 6
1157 3
1158 2
1159 3
1160 5
1161 5
1162 2
1163 5
1164 4
1165 2
1166 3
1167 4
1168 3
1169 4
1170 6
1171 6
1172 4
1173 5
1174 1
1175 3
1176 3
1177 7
1178 2
1179 3
1180 2
1181 3
1182 7
1183 2
1184 8
1185 4
1186 5
1187 7
1188 4
1189 3
1190 7
1191 8
1192 6
1193 7
1194 3
1195 5
1196 2
1197 5
1198 3
1199 1
1200 3
1229 2
1346 6
1351 4
1354 4
1355 9
1361 3
1362 8
1369 3
1370 7
1373 7
1396 9
1483 7
1486 8
1498 10
1517 8
1557 9
1563 8
1565 7
1610 10
1615 3
1656 5
1664 2
1735 6
1796 8
1797 9
1854 10
1858 7
1859 6
1860 8
1893 5
1902 3
1920 7
1924 6
1928 5
1929 4
1930 3
1935 2
1937 1
1953 4
1955 4
1965 7
1983 5
2049 10
2091 10
2092 22
2107 6
2140 10
2144 9
2191 7
2198 7
2213 5
2214 6
2299 7
2342 4
2364 7
2385 3
2432 7
2515 4
2517 7
2521 9
2533 2
2549 5
2550 4
2565 3
2569 2
2572 8
2578 6
2676 5
2683 12
2699 9
2749 7
2750 7
2751 6
2758 9
2896 10
2898 9
2900 10
2901 9
2928 7
2929 6
3049 5
3055 6
3063 9
3064 8
3066 5
3069 5
3072 5
3073 21
3097 8
3105 8
3111 10
3115 10
3144 4
3206 8
3289 7
3309 8
3311 10
3312 6
3318 6
3379 5
3382 4
3385 5
3469 6
3541 7
3585 10
3587 9
3595 10
3596 8
3658 5
3713 3
3743 9
3744 9
3880 20
3881 4
3885 4
3922 5
3923 10
3934 5
3936 5
3939 8
3942 6
3943 10
3944 4
3948 19
3950 7
3953 6
3955 7
3959 7
3966 8
3967 9
3968 6
3969 5
3970 10
4055 5
4058 4
4068 18
4069 11
4170 9
4174 10
4175 6
4181 10
4217 9
4223 9
4226 9
4228 7
4287 5
4289 4
4339 7
4372 3
4391 9
4399 8
4439 5
4444 4
4456 7
4559 8
4633 3
4687 8
4688 9
4915 17
4921 10
4929 9
4944 8
5087 6
5114 5
5142 8
5143 8
5145 8
5146 7
5147 7
5149 5
5150 6
5151 10
5155 6
5156 7
5157 7
5158 9
5159 5
5161 6
5163 6
5164 5
5165 7
5169 4
5171 4
5172 5
5173 4
5174 9
5176 4
5193 2
5208 8
5209 16
5211 15
5233 4
5235 10
5236 5
5368 3
5382 9
5520 8
5537 3
5543 8
5559 6
5564 7
5973 5
5995 6
5997 5
5999 4
6007 3
6020 4
6073 8
6081 8
6140 6
6225 6
6227 7
6228 6
6267 4
6299 7
6324 6
6328 5
6373 3
6381 3
6763 11
6782 8
6786 4
6792 7
7034 10
7036 9
7039 8
7043 7
7047 8
7050 5
7054 7
7058 6
7059 8
7112 6
7288 4
7477 6
7485 10
7488 8
7489 8
7540 7
7541 11
7543 11
7550 9
7562 5
7568 5
7574 9
7575 4
7855 5
7857 7
7869 9
7870 14
7912 3
8041 13
8102 4
8107 3
8158 3
8205 7
8374 3
8394 3
8432 3
8510 9
8517 6
8520 10
8521 7
8522 9
8524 8
8573 6
8577 5
8668 4
8695 7
8701 7
8705 9
8708 6
8826 6
8828 6
8829 9
8831 6
8905 5
9185 6
9225 8
9288 10
9317 7
9318 5
9331 4
9869 9
9882 12
9944 2
9945 1
10081 9
10082 8
10083 7
10085 6
10087 3
10088 5
10089 4
10091 3
10092 12
10096 10
10098 9
10099 4
10100 9
10102 9
10105 3
10110 3
10113 6
10115 2
10117 8
10121 7
10122 9
10127 7
10130 2
10139 5
10141 10
10144 7
10147 6
10149 10
10150 9
10165 5
10173 8
10338 8
10342 3
10356 10
10358 9
10364 4
10366 9
10376 9
10378 8
10381 4
10408 5
10414 4
10476 7
10522 11
10527 8
10528 4
10530 6
10533 6
10576 7
10579 7
10597 5
10598 4
10599 3
10602 2
10603 1
10904 5
11023 7
11029 6
11031 5
11316 5
11321 5
11322 5
11323 5
11361 4
11390 7
11407 7
11411 6
11413 5
11683 6
11685 9
11687 8
11691 7
11987 6
12087 6
12091 5
12193 11
12412 6
12419 8
12520 5
12530 7
12585 2
12617 5
12620 1
12654 2
12665 5
12670 4
13028 7
13087 9
13132 7
13185 4
13363 4
13400 8
13401 6
13409 8
13413 8
13414 8
13415 6
13417 3
13418 7
13419 8
13420 7
13422 8
13439 5
13670 3
13690 7
13691 6
13692 3
13693 6
13694 7
13695 7
13696 2
13697 2
13698 5
13699 6
13700 1
13701 2
13702 1
13703 8
13704 1
13705 4
13706 3
13707 3
13708 3
13709 6
13811 4
13812 3
13814 4
13956 10
14102 10
14104 9
14105 7
14107 8
14108 7
14111 6
14315 9
14316 8
14317 7
14318 6
14319 5
14320 4
14321 3
14322 2
14323 1
14324 0
14616 2
14722 6
14973 4
15219 5
15222 4
15247 7
15248 6
15249 5
15250 4
15875 8
16309 4
16310 5
16311 8
16312 6
16313 7
16314 4
16315 4
16316 6
16317 3
16318 3
16319 5
16320 9
16321 3
16322 5
16323 2
16324 2
16325 7
16326 1
16327 6
16328 4
16329 8
16330 7
16331 5
16655 2
17315 3
18702 5
19671 7
19672 6
19673 3
19674 10
19675 5
19676 4
19677 5
19678 3
19679 4
19680 9
