800 4739
14 28
14 231
14 349
14 5176
25 260
28 231
28 349
28 1069
28 1142
28 4226
41 255
41 335
41 339
41 349
41 527
41 697
41 709
41 844
41 935
41 947
41 949
41 1000
41 1011
41 1012
41 1040
41 1057
41 1102
41 1117
41 1122
41 1369
41 1370
41 1965
41 2049
41 2140
41 2144
41 2699
41 3585
41 3587
41 4226
41 4228
41 7477
41 7485
41 7488
41 7489
50 54
50 76
50 79
50 80
50 81
50 83
50 88
50 90
50 94
50 99
54 81
54 83
54 90
54 94
54 99
54 234
54 1076
54 3596
76 79
76 83
76 90
76 99
76 1396
76 8521
76 8905
79 80
79 81
79 83
79 88
79 90
79 99
79 516
79 989
79 1057
79 1396
79 1797
79 2896
79 2898
79 2900
79 2901
79 3206
79 4559
79 4687
79 8521
79 8708
79 8905
79 10098
79 10099
79 10105
79 10110
79 10115
79 10127
79 10130
79 10149
79 10150
80 90
80 99
80 516
80 934
80 1229
80 1396
80 2898
80 2928
80 2929
81 83
81 90
81 94
81 99
81 1396
81 1860
81 8521
81 10098
81 10127
81 11407
81 11411
81 11413
83 90
83 94
83 99
83 255
83 1396
83 1797
83 1860
83 2107
83 2140
83 2758
83 2896
83 2898
83 2900
83 2901
83 3097
83 3206
83 4223
83 4559
83 4687
83 4688
83 5235
83 6763
83 6782
83 6792
83 7034
83 7036
83 7039
83 7541
83 7543
83 7574
83 8510
83 8520
83 8521
83 8522
83 8524
83 8708
83 8905
83 10096
83 10098
83 10099
83 10100
83 10102
83 10105
83 10110
83 10115
83 10117
83 10121
83 10122
83 10127
83 10130
83 10144
83 10149
83 10150
83 11407
83 11411
83 11413
83 14722
83 16325
83 18702
83 19675
83 19676
83 19678
88 90
88 1983
88 3063
88 3073
88 4687
88 7869
88 13439
90 94
90 99
90 255
90 947
90 989
90 1057
90 1396
90 1797
90 1860
90 2107
90 2140
90 2299
90 2896
90 2898
90 2900
90 2901
90 2928
90 2929
90 3097
90 3206
90 4223
90 4687
90 4688
90 5235
90 6763
90 7034
90 7036
90 7039
90 7541
90 7543
90 7574
90 8510
90 8520
90 8521
90 8522
90 8524
90 8708
90 8905
90 10096
90 10098
90 10099
90 10100
90 10102
90 10105
90 10110
90 10115
90 10117
90 10121
90 10122
90 10127
90 10130
90 10141
90 10144
90 10147
90 10149
90 11407
90 11411
90 11413
90 16325
90 18702
94 99
94 1860
94 11407
94 11411
94 11413
99 940
99 947
99 1396
99 1735
99 1797
99 1860
99 2107
99 2140
99 2432
99 2521
99 2758
99 2896
99 2898
99 2900
99 2901
99 2928
99 2929
99 3064
99 3097
99 3206
99 3939
99 3942
99 3943
99 4217
99 4223
99 4456
99 4559
99 4687
99 4688
99 4929
99 5143
99 5145
99 5146
99 5147
99 5149
99 5150
99 5151
99 5155
99 5156
99 5157
99 5158
99 5159
99 5161
99 5163
99 5164
99 5165
99 5169
99 5171
99 5172
99 5173
99 5174
99 5235
99 5537
99 5543
99 5559
99 5564
99 6763
99 6782
99 6792
99 7034
99 7036
99 7039
99 7043
99 7047
99 7050
99 7054
99 7058
99 7059
99 7541
99 7543
99 7574
99 8510
99 8520
99 8521
99 8522
99 8524
99 8708
99 8905
99 10096
99 10098
99 10099
99 10100
99 10102
99 10105
99 10110
99 10115
99 10117
99 10121
99 10122
99 10127
99 10130
99 10141
99 10144
99 10147
99 10149
99 10150
99 10408
99 10414
99 11316
99 11321
99 11322
99 11323
99 11407
99 11411
99 11413
99 12193
99 12520
99 14722
99 16325
99 17315
99 18702
99 19671
99 19672
99 19673
99 19674
99 19675
99 19676
99 19677
99 19678
99 19679
99 19680
231 349
234 255
234 349
234 477
234 576
234 935
234 946
234 947
234 949
234 1052
234 1057
234 1076
234 1110
234 1122
234 1127
234 1143
234 1355
234 1369
234 2049
234 3063
234 3073
234 3585
234 3587
234 3595
234 3596
234 7550
234 7855
234 7857
234 7869
234 7870
245 250
245 255
245 260
245 267
245 285
245 289
250 260
250 1030
250 1615
250 1955
250 2385
250 4372
255 260
255 267
255 285
255 289
255 349
255 477
255 576
255 949
255 986
255 999
255 1007
255 1026
255 1040
255 1041
255 1059
255 1071
255 1082
255 1091
255 1097
255 1098
255 1108
255 1355
255 1369
255 1396
255 2049
255 2699
255 2896
255 2898
255 2900
255 2901
255 3097
255 3585
255 3587
255 3596
255 4223
255 7488
255 7550
255 7857
255 7870
255 9225
255 10096
255 10115
255 10121
255 10127
255 10147
255 13409
255 13413
260 267
260 285
260 289
260 366
260 398
260 442
260 553
260 564
260 675
260 718
260 988
260 1030
260 1163
260 1169
260 1185
260 1192
260 1229
260 1615
260 1656
260 1664
260 1893
260 1955
260 1965
260 2213
260 2385
260 2676
260 3144
260 3658
260 3713
260 3881
260 3885
260 4055
260 4058
260 4372
260 4439
260 4444
260 4633
260 5176
260 5233
260 5236
260 5368
260 6020
260 6267
260 6373
260 6381
260 6786
260 7288
260 7855
260 7912
260 8102
260 8107
260 8158
260 8374
260 8394
260 8668
260 12620
260 14616
260 16655
267 285
267 289
267 1151
267 1610
285 289
285 349
285 1066
285 1146
285 1147
285 1159
285 1162
285 1184
285 3942
285 5150
285 5537
285 7050
289 398
289 1163
289 1169
289 1185
289 1893
289 1965
289 3144
289 4055
289 4058
289 4372
289 4439
289 4444
289 4633
289 5176
289 5233
289 5236
289 5368
289 6020
289 6267
289 6373
289 7288
289 8374
289 8394
289 8668
305 1369
305 1902
305 2533
314 2091
314 3073
314 3289
314 3311
314 3312
314 3318
314 3969
335 337
335 339
335 349
335 352
337 339
337 349
337 352
339 757
339 844
339 949
339 1012
339 1369
339 1796
339 2140
339 2144
339 2699
339 3880
339 4226
339 4228
339 4944
339 6073
339 6081
339 7477
339 7485
339 7488
339 7489
349 352
349 399
349 628
349 640
349 663
349 664
349 666
349 668
349 673
349 678
349 692
349 693
349 694
349 697
349 698
349 709
349 712
349 722
349 757
349 829
349 836
349 842
349 844
349 847
349 854
349 909
349 934
349 935
349 940
349 943
349 946
349 947
349 949
349 956
349 965
349 966
349 967
349 968
349 969
349 970
349 971
349 972
349 973
349 974
349 975
349 976
349 977
349 978
349 979
349 980
349 981
349 982
349 983
349 984
349 985
349 986
349 987
349 988
349 989
349 990
349 991
349 992
349 993
349 994
349 995
349 996
349 997
349 998
349 999
349 1000
349 1001
349 1002
349 1003
349 1004
349 1005
349 1006
349 1007
349 1008
349 1009
349 1010
349 1011
349 1012
349 1013
349 1014
349 1015
349 1016
349 1017
349 1018
349 1019
349 1020
349 1021
349 1022
349 1023
349 1024
349 1025
349 1026
349 1027
349 1028
349 1029
349 1030
349 1031
349 1032
349 1033
349 1034
349 1035
349 1036
349 1037
349 1038
349 1039
349 1040
349 1041
349 1042
349 1043
349 1044
349 1045
349 1046
349 1047
349 1048
349 1049
349 1050
349 1051
349 1052
349 1053
349 1054
349 1055
349 1056
349 1057
349 1058
349 1059
349 1060
349 1061
349 1062
349 1063
349 1064
349 1065
349 1066
349 1067
349 1068
349 1069
349 1070
349 1071
349 1072
349 1073
349 1074
349 1075
349 1076
349 1077
349 1078
349 1079
349 1080
349 1081
349 1082
349 1083
349 1084
349 1085
349 1086
349 1087
349 1088
349 1089
349 1090
349 1091
349 1092
349 1093
349 1094
349 1095
349 1096
349 1097
349 1098
349 1099
349 1100
349 1101
349 1102
349 1103
349 1104
349 1105
349 1106
349 1107
349 1108
349 1109
349 1110
349 1111
349 1112
349 1113
349 1114
349 1115
349 1116
349 1117
349 1118
349 1119
349 1120
349 1121
349 1122
349 1123
349 1124
349 1125
349 1126
349 1127
349 1128
349 1129
349 1130
349 1131
349 1132
349 1133
349 1134
349 1135
349 1136
349 1137
349 1138
349 1139
349 1140
349 1141
349 1142
349 1143
349 1144
349 1145
349 1146
349 1147
349 1148
349 1149
349 1150
349 1151
349 1152
349 1153
349 1154
349 1155
349 1156
349 1157
349 1158
349 1159
349 1160
349 1161
349 1162
349 1163
349 1164
349 1165
349 1166
349 1167
349 1168
349 1169
349 1170
349 1171
349 1172
349 1173
349 1174
349 1175
349 1176
349 1177
349 1178
349 1179
349 1180
349 1181
349 1182
349 1183
349 1184
349 1185
349 1186
349 1187
349 1188
349 1189
349 1190
349 1191
349 1192
349 1193
349 1194
349 1195
349 1196
349 1197
349 1198
349 1199
349 1200
352 829
352 974
352 979
352 1093
352 1124
352 1141
352 1175
358 362
358 527
358 984
358 989
358 1074
358 1369
358 2091
358 2092
358 2515
358 3105
358 3541
358 5995
358 5997
358 5999
358 6007
362 1369
362 2515
362 3541
362 5995
362 5997
362 5999
362 6007
366 1161
366 1192
366 1346
366 1893
366 2364
366 4399
376 1369
376 1920
376 1924
376 1928
376 1929
376 1930
376 1935
376 1937
398 399
398 527
398 1893
398 3885
399 527
399 728
399 982
399 1003
399 1036
399 1045
399 1046
399 1064
399 1078
399 1084
399 1085
399 1121
399 1145
399 1161
399 1170
399 1184
399 1193
399 1194
399 1196
399 1197
399 3541
442 1030
442 1062
442 3885
477 576
477 935
477 946
477 947
477 949
477 1052
477 1057
477 1076
477 1192
477 1369
477 1370
477 1965
477 2049
477 3063
477 3073
477 3585
477 3587
477 3595
477 3596
477 7550
477 7869
477 8205
516 1369
516 5973
516 9331
516 10579
516 11361
523 678
523 995
523 1088
523 1369
523 2092
523 2749
523 2750
523 2751
523 3880
527 1192
527 1369
527 1370
527 1893
527 2676
527 3658
527 3713
553 6786
553 10102
564 718
564 1055
564 2213
564 8102
564 8107
576 935
576 946
576 947
576 949
576 984
576 989
576 1052
576 1074
576 1076
576 1369
576 3063
576 3073
576 3587
576 3595
576 3596
576 7550
576 7869
576 10904
592 601
592 757
592 1498
592 1557
592 1563
592 1565
592 3073
592 3922
592 3934
592 6140
592 9318
592 10904
592 13185
601 757
601 829
601 1557
601 1563
601 1565
601 3073
601 3922
601 3934
601 6140
601 9318
601 10904
601 13185
628 640
628 935
628 946
628 947
628 949
628 996
628 1048
628 1053
628 1070
628 1118
628 1126
628 3744
640 935
640 946
640 947
640 949
640 996
640 1048
640 1053
640 1057
640 1070
640 1118
640 1126
640 3744
663 664
663 666
663 668
663 673
663 675
663 678
664 666
664 673
666 668
666 673
666 678
668 673
668 678
668 1370
673 678
675 16655
678 989
678 995
678 1005
678 1021
678 1059
678 1088
678 1191
678 1369
678 2749
678 2750
678 2751
692 693
692 698
692 709
692 1100
692 1104
692 1112
692 1176
692 1369
692 2198
692 2214
692 2549
692 2550
692 2565
692 2569
693 709
693 1100
693 1104
693 1112
693 1176
694 698
694 712
694 722
697 709
697 1000
697 1011
697 1102
698 709
698 712
698 722
709 1000
709 1011
709 1102
712 718
712 722
712 728
718 728
718 2213
718 4055
718 8102
718 8107
728 1078
728 1107
728 1369
728 3309
728 3379
728 3382
728 3385
757 984
757 989
757 1040
757 1108
757 1184
757 1483
757 1517
757 2144
757 2699
757 10904
829 974
829 1018
829 1019
829 1093
829 1124
829 1141
829 6140
836 842
836 844
836 847
836 854
836 949
836 968
836 985
836 1039
836 1057
836 1148
842 847
842 854
842 968
842 979
842 985
842 1038
842 1039
842 1148
842 1168
844 990
844 1020
844 1079
844 1081
844 1116
844 1156
844 1182
844 1185
844 1195
844 2144
847 854
847 968
847 985
847 1039
854 968
854 979
854 985
854 1038
854 1039
854 1141
854 1148
854 1168
909 1080
909 1087
925 946
925 949
925 995
925 1369
925 1610
925 4391
925 5150
925 5520
925 7540
925 8517
925 10597
925 10598
925 10599
925 10602
925 10603
934 1013
934 1189
934 1902
934 3064
934 3144
934 3939
934 3943
934 4228
935 942
935 946
935 947
935 949
935 958
935 996
935 1027
935 1048
935 1052
935 1053
935 1057
935 1070
935 1076
935 1082
935 1110
935 1118
935 1122
935 1126
935 1369
935 3309
935 3587
935 3595
935 3596
935 4399
935 4687
935 7540
935 7541
935 7543
935 7550
940 943
940 945
940 955
940 956
940 984
940 989
940 1005
940 1010
940 1017
940 1051
940 1063
940 1074
940 1075
940 1111
940 1160
940 3943
940 3955
940 4217
940 4929
940 5143
940 5147
940 5155
940 5159
940 5173
940 5208
940 5209
940 5211
940 5233
940 5235
940 5236
942 946
942 947
942 949
942 958
942 1177
942 1179
942 1355
942 1369
942 2572
942 2683
942 5142
942 9185
942 13694
942 13695
942 13709
943 945
943 955
943 956
943 967
943 989
943 1008
943 1021
943 1047
943 1186
945 955
945 956
945 1369
945 3744
945 5208
945 6299
945 10100
945 10110
945 10130
945 12665
945 12670
945 13701
945 13707
946 947
946 949
946 958
946 995
946 996
946 1027
946 1031
946 1034
946 1048
946 1052
946 1053
946 1057
946 1070
946 1076
946 1110
946 1117
946 1118
946 1122
946 1126
946 2676
946 3309
946 3587
946 3596
946 4399
946 4687
946 5150
946 5520
946 7540
946 7541
946 7543
946 7855
947 949
947 958
947 996
947 1027
947 1048
947 1052
947 1053
947 1057
947 1070
947 1076
947 1110
947 1117
947 1118
947 1122
947 1126
947 1127
947 1143
947 1171
947 1396
947 1735
947 1965
947 3309
947 3585
947 3587
947 3596
947 3942
947 4399
947 4687
947 5150
947 5169
947 5537
947 5564
947 7043
947 7058
947 7059
947 7540
947 7541
947 7543
947 11316
947 11321
947 11322
947 11323
949 958
949 989
949 995
949 996
949 1027
949 1048
949 1052
949 1053
949 1057
949 1059
949 1070
949 1076
949 1082
949 1110
949 1117
949 1118
949 1122
949 1126
949 1127
949 1143
949 1191
949 1517
949 1796
949 1965
949 2091
949 2140
949 2144
949 2578
949 3309
949 3585
949 3587
949 3596
949 3880
949 4069
949 4399
949 4456
949 4687
949 4944
949 5150
949 5520
949 6073
949 6081
949 7540
949 7541
949 7543
949 7855
955 956
955 1369
955 5208
955 13694
955 13709
956 967
956 989
956 1008
956 1021
956 1047
956 1186
958 1369
958 2572
958 2683
958 5142
958 9185
958 13694
958 13695
958 13709
965 1073
966 970
966 1004
966 1147
966 1180
967 989
967 1008
967 1021
967 1047
967 1186
968 985
968 1039
968 1148
969 1058
969 1199
970 1004
970 1139
970 1147
970 1180
971 1180
971 1181
972 973
972 1001
972 1140
973 1001
973 1140
974 1093
974 1124
974 1141
975 1179
976 1106
976 1174
977 989
977 1042
977 1092
977 1134
977 1173
978 983
978 1044
978 1055
978 1105
978 1114
978 1154
979 1175
980 1050
980 1056
980 1090
980 1149
981 988
981 994
981 1028
981 1032
981 1153
981 1164
981 1167
982 1003
982 1121
983 1044
983 1055
983 1105
983 1114
983 1154
984 989
984 1010
984 1017
984 1051
984 1059
984 1063
984 1074
984 1075
984 1111
984 1116
984 1160
984 1182
984 1184
984 1191
984 1355
984 7541
984 7543
984 8905
984 9225
984 10141
984 10904
984 13409
984 13413
985 1039
985 1141
985 1148
986 999
986 1007
986 1026
986 1041
986 1071
986 1091
986 1097
986 1098
987 989
987 1021
987 1101
987 1133
987 1144
987 1177
987 1187
988 994
988 1028
988 1032
988 1153
988 1164
988 1167
988 1656
988 3934
988 6140
988 10904
988 13185
988 16311
988 16318
989 1005
989 1008
989 1010
989 1017
989 1021
989 1042
989 1047
989 1051
989 1057
989 1059
989 1063
989 1074
989 1075
989 1092
989 1101
989 1111
989 1133
989 1134
989 1144
989 1160
989 1173
989 1177
989 1184
989 1186
989 1187
989 1191
989 2896
989 2898
989 2900
989 4687
989 7541
989 7543
989 8521
989 8905
989 9225
989 10141
989 10904
989 13409
989 13413
989 13419
990 1020
990 1079
990 1081
990 1116
990 1156
990 1182
990 1195
991 997
991 1018
991 1019
991 1035
991 1096
992 1002
993 1072
994 1028
994 1032
994 1153
994 1164
994 1167
995 1088
995 1103
995 1117
995 1182
995 1190
995 1355
995 1362
995 1369
995 1610
995 2299
995 2364
995 2578
995 2749
995 2750
995 2751
995 4287
995 4391
995 5520
995 7540
995 7575
995 8205
995 8517
995 10338
995 10342
995 10476
995 10597
995 10598
995 10599
995 10602
995 10603
995 12412
995 13028
995 13690
995 13691
995 13693
996 1048
996 1053
996 1070
996 1118
996 1126
996 3744
996 6299
997 1018
997 1019
997 1035
997 1096
997 1123
997 1165
998 1094
999 1007
999 1026
999 1041
999 1071
999 1091
999 1097
999 1098
1000 1011
1000 1102
1001 1140
1002 1057
1003 1121
1004 1060
1004 1109
1004 1125
1004 1129
1004 1136
1004 1137
1004 1138
1004 1147
1004 1180
1004 1200
1005 1021
1005 1059
1005 1184
1005 1191
1005 2299
1005 5208
1006 1022
1006 1024
1006 1128
1007 1026
1007 1041
1007 1071
1007 1091
1007 1097
1007 1098
1008 1021
1008 1047
1008 1186
1009 1034
1009 1086
1009 1095
1009 1155
1009 1185
1010 1017
1010 1051
1010 1063
1010 1074
1010 1075
1010 1111
1010 1160
1011 1102
1012 1027
1012 1061
1012 1077
1012 2140
1012 2144
1012 2699
1012 4226
1012 4228
1013 1189
1014 1016
1014 1132
1015 1099
1015 1131
1016 1135
1016 1157
1016 1163
1016 1169
1017 1051
1017 1063
1017 1074
1017 1075
1017 1111
1017 1160
1017 3922
1017 3934
1017 13185
1018 1019
1018 1035
1018 1096
1019 1035
1019 1096
1020 1079
1020 1081
1020 1116
1020 1156
1020 1182
1020 1195
1021 1047
1021 1059
1021 1101
1021 1133
1021 1144
1021 1177
1021 1186
1021 1187
1021 1191
1021 2578
1021 10338
1021 10342
1022 1024
1022 1128
1023 1033
1023 1158
1023 6299
1024 1128
1025 1037
1025 1180
1025 1183
1026 1041
1026 1071
1026 1091
1026 1097
1026 1098
1027 1061
1027 1077
1027 1184
1027 3587
1027 7540
1028 1032
1028 1153
1028 1164
1028 1167
1028 3934
1028 6140
1028 10904
1028 13185
1028 16311
1029 1178
1029 1180
1030 1139
1030 1198
1030 3885
1031 1107
1031 1172
1031 1188
1031 7855
1032 1153
1032 1164
1032 1167
1033 1158
1034 1086
1034 1095
1034 1155
1034 1185
1034 4439
1034 4444
1034 7855
1035 1096
1036 1078
1036 1084
1036 1172
1037 1180
1037 1183
1038 1168
1039 1054
1039 1062
1039 1141
1039 1148
1039 1184
1039 3881
1040 1108
1040 1483
1040 1517
1040 2049
1040 2107
1040 2140
1040 3585
1040 3595
1040 7488
1041 1071
1041 1091
1041 1097
1041 1098
1041 2676
1041 2683
1042 1092
1042 1134
1042 1173
1042 1355
1043 1067
1043 1113
1044 1055
1044 1105
1044 1114
1044 1154
1045 1196
1046 1064
1046 2517
1047 1054
1047 1062
1047 1186
1048 1053
1048 1070
1048 1118
1048 1126
1048 3744
1049 1117
1049 1142
1049 1171
1049 1192
1050 1056
1050 1090
1050 1149
1051 1063
1051 1074
1051 1075
1051 1111
1051 1160
1051 3934
1052 1057
1052 1076
1052 1110
1052 1122
1052 1127
1052 1143
1052 3587
1052 3596
1052 5209
1052 5211
1052 8041
1052 11390
1052 13419
1053 1070
1053 1118
1053 1126
1053 3744
1054 1062
1055 1105
1055 1114
1055 1154
1056 1090
1056 1149
1057 1076
1057 1110
1057 1117
1057 1122
1057 1127
1057 1143
1057 1965
1057 3311
1057 3585
1057 3587
1057 4687
1057 5142
1058 1199
1059 1108
1059 1115
1059 1191
1059 1369
1059 1373
1059 3744
1059 8573
1059 8577
1060 1129
1060 1136
1060 1137
1060 1147
1060 1180
1060 1200
1061 1077
1063 1074
1063 1075
1063 1111
1063 1160
1064 1078
1064 1084
1064 1195
1065 1076
1066 1146
1066 1159
1066 1162
1067 1113
1068 1180
1068 1184
1069 2533
1070 1118
1070 1126
1071 1091
1071 1097
1071 1098
1073 3885
1074 1075
1074 1111
1074 1116
1074 1160
1074 1182
1074 1355
1074 7541
1074 7543
1074 8905
1074 10904
1075 1111
1075 1119
1075 1160
1076 1117
1076 1122
1076 1965
1076 3585
1076 3587
1076 3595
1076 3596
1078 1084
1078 1145
1078 1194
1078 3541
1079 1081
1079 1116
1079 1156
1079 1182
1079 1195
1080 1087
1080 2928
1080 3309
1080 4399
1080 6786
1081 1116
1081 1156
1081 1182
1081 1195
1081 3309
1082 1166
1082 1172
1082 1184
1082 1370
1082 1656
1082 1955
1082 2758
1082 3744
1082 4055
1082 5176
1083 1130
1083 1158
1084 1085
1084 1197
1084 1893
1085 1161
1085 1170
1085 1184
1085 1193
1085 1197
1086 1095
1086 1155
1086 1185
1088 1103
1088 1190
1088 1369
1088 2749
1088 2750
1088 2751
1088 8517
1088 10603
1088 13690
1088 13691
1088 13693
1089 1152
1090 1149
1091 1097
1091 1098
1092 1134
1092 1173
1093 1124
1093 1141
1095 1185
1095 4439
1095 4444
1097 1098
1099 1131
1100 1104
1100 1112
1100 1176
1101 1133
1101 1144
1101 1177
1101 1187
1101 4456
1103 1190
1103 1369
1103 2299
1103 13690
1103 13691
1103 13693
1104 1112
1104 1176
1104 2569
1105 1114
1105 1154
1106 1174
1107 1172
1107 1188
1108 1115
1108 1369
1108 1373
1108 1483
1108 1517
1108 2091
1108 8573
1108 8577
1109 1125
1109 1136
1109 1138
1109 1147
1109 1180
1110 1122
1110 1127
1110 1143
1110 3587
1111 1160
1112 1176
1114 1127
1114 1154
1114 1483
1114 1486
1114 1517
1114 3063
1114 3073
1114 8701
1114 10576
1115 1161
1115 1179
1115 1369
1115 1370
1115 1373
1115 2092
1115 3880
1115 8573
1115 8577
1116 1156
1116 1182
1116 1195
1116 1355
1116 8905
1117 1142
1117 1171
1117 1192
1117 2091
1117 2092
1117 3587
1117 3596
1117 11321
1118 1126
1119 4174
1119 4289
1122 1127
1122 1143
1122 3587
1123 1165
1124 1141
1125 1136
1125 1138
1125 1147
1125 1180
1127 1128
1127 1143
1127 2676
1128 1163
1128 1169
1129 1136
1129 1137
1129 1147
1129 1180
1129 1200
1129 8524
1130 1158
1130 7047
1133 1144
1133 1177
1133 1187
1133 1483
1133 1517
1133 8701
1134 1173
1134 1355
1135 1157
1135 1163
1135 1169
1136 1137
1136 1138
1136 1147
1136 1180
1136 1200
1137 1147
1137 1180
1137 1200
1138 1147
1138 1180
1138 1181
1139 1198
1139 12193
1142 1171
1142 1192
1142 4226
1142 4688
1142 4915
1142 4921
1142 4944
1144 1177
1144 1187
1144 1517
1144 3970
1144 4456
1144 4915
1144 13956
1146 1159
1146 1162
1147 1180
1147 1200
1153 1164
1153 1167
1155 1185
1155 9225
1155 13419
1156 1182
1156 1195
1157 1163
1157 1169
1157 7288
1159 1162
1160 3934
1161 1170
1161 1184
1161 1193
1161 1197
1161 1373
1163 1169
1163 8374
1164 1167
1164 16311
1166 1184
1169 8374
1170 1184
1170 1193
1170 1197
1171 1192
1171 5564
1172 1188
1172 12193
1173 1355
1173 2517
1173 10087
1173 13363
1177 1187
1177 4456
1177 5142
1177 5208
1178 1180
1180 1181
1180 1183
1180 1184
1180 1200
1182 1195
1182 1346
1182 1355
1182 1362
1182 1369
1182 2750
1182 2751
1182 4287
1182 8205
1182 8905
1182 13028
1184 1193
1184 1195
1184 1197
1184 1893
1184 2299
1184 2342
1184 2364
1185 4055
1185 4058
1187 3073
1187 3111
1187 3289
1187 3948
1187 8705
1187 9288
1187 9869
1187 10527
1187 11683
1187 11691
1189 1370
1190 1369
1190 2299
1190 7288
1190 8517
1190 10603
1190 13690
1190 13691
1190 13693
1192 1370
1192 1965
1193 1195
1193 1197
1193 1610
1193 1937
1193 2299
1193 3309
1197 1610
1346 1351
1346 1354
1346 1355
1346 1361
1346 1362
1346 1369
1346 1370
1346 1373
1351 1354
1351 1369
1351 1953
1351 2342
1351 11390
1354 1369
1354 2342
1355 1362
1355 1369
1355 1373
1355 2107
1355 2140
1355 2750
1355 2751
1355 3585
1355 3744
1355 7485
1355 8205
1355 8905
1355 13028
1361 1369
1361 1370
1362 1369
1362 1373
1362 2750
1362 2751
1362 8205
1362 13028
1369 1370
1369 1373
1369 1610
1369 1902
1369 1920
1369 1924
1369 1928
1369 1929
1369 1930
1369 1935
1369 1937
1369 1953
1369 2049
1369 2144
1369 2198
1369 2214
1369 2299
1369 2342
1369 2364
1369 2515
1369 2517
1369 2533
1369 2549
1369 2550
1369 2565
1369 2569
1369 2572
1369 2578
1369 2683
1369 2699
1369 2749
1369 2750
1369 2751
1369 3309
1369 3379
1369 3382
1369 3385
1369 3541
1369 3585
1369 3587
1369 3595
1369 3596
1369 3744
1369 3880
1369 4069
1369 4287
1369 4289
1369 4391
1369 4399
1369 4944
1369 5142
1369 5193
1369 5208
1369 5520
1369 5973
1369 5995
1369 5997
1369 5999
1369 6007
1369 6073
1369 6081
1369 6299
1369 7112
1369 7477
1369 7485
1369 7488
1369 7489
1369 7540
1369 7550
1369 7575
1369 8205
1369 8432
1369 8517
1369 8573
1369 8577
1369 9185
1369 9331
1369 9944
1369 9945
1369 10081
1369 10082
1369 10083
1369 10085
1369 10087
1369 10088
1369 10089
1369 10091
1369 10092
1369 10100
1369 10110
1369 10130
1369 10338
1369 10342
1369 10476
1369 10579
1369 10597
1369 10598
1369 10599
1369 10602
1369 10603
1369 11361
1369 11390
1369 11987
1369 12412
1369 12585
1369 12654
1369 12665
1369 12670
1369 13028
1369 13690
1369 13691
1369 13692
1369 13693
1369 13694
1369 13695
1369 13696
1369 13697
1369 13698
1369 13699
1369 13700
1369 13701
1369 13702
1369 13703
1369 13704
1369 13705
1369 13706
1369 13707
1369 13708
1369 13709
1370 2092
1370 2515
1370 2517
1370 3744
1370 3880
1370 4399
1373 1498
1373 8573
1373 8577
1396 1797
1396 2107
1396 2140
1396 2898
1396 2928
1396 2929
1396 3206
1396 4069
1396 4181
1396 4223
1396 4559
1396 4687
1396 6763
1396 7034
1396 7036
1396 7039
1396 8521
1396 8708
1396 8905
1396 10096
1396 10098
1396 10099
1396 10100
1396 10102
1396 10105
1396 10110
1396 10113
1396 10115
1396 10117
1396 10121
1396 10122
1396 10127
1396 10130
1396 10139
1396 10141
1396 10144
1396 10147
1483 1486
1483 1517
1483 3063
1483 3073
1483 8695
1483 8701
1483 8831
1483 9317
1483 10576
1483 10579
1486 1517
1486 3063
1486 3073
1486 3311
1486 6225
1486 8701
1486 8831
1486 10576
1486 10579
1498 1557
1498 1563
1498 1565
1498 1859
1498 2191
1498 3073
1498 3105
1498 3922
1498 3934
1498 3936
1498 3944
1498 3969
1498 4170
1498 4174
1498 4175
1498 4181
1517 1854
1517 1858
1517 1859
1517 3063
1517 3072
1517 3073
1517 3111
1517 3115
1517 3923
1517 3966
1517 3970
1517 4174
1517 6328
1517 8695
1517 8701
1517 8705
1517 8831
1517 9317
1517 10364
1517 10366
1517 10378
1517 10576
1517 10579
1517 11687
1557 1563
1557 1565
1557 3073
1557 3922
1557 3934
1557 4175
1557 4181
1557 6140
1557 9318
1557 10904
1557 13185
1563 1565
1563 3073
1563 3922
1563 3934
1563 4175
1563 4181
1563 4559
1563 6140
1563 9318
1563 10904
1563 13185
1565 3073
1565 3922
1565 3934
1565 4175
1565 4181
1565 4559
1565 6140
1565 9318
1565 10904
1565 13185
1610 2299
1610 3309
1610 4391
1610 4399
1610 5520
1610 7540
1610 8517
1610 10597
1610 10598
1610 10599
1610 10602
1610 10603
1615 1955
1656 1664
1656 4439
1656 7575
1656 8107
1664 14616
1735 5150
1735 10408
1735 10414
1735 11316
1735 11321
1735 11323
1796 2092
1796 2144
1796 3063
1796 3073
1796 3880
1796 3968
1796 4068
1796 4226
1796 4228
1796 13087
1796 16311
1796 16313
1796 16327
1797 4687
1797 8521
1797 10121
1797 10127
1797 16325
1797 18702
1854 1858
1854 1859
1854 1860
1854 3063
1854 3073
1854 3970
1854 4174
1854 6324
1854 6328
1854 10356
1854 10358
1854 10364
1854 10366
1854 10378
1858 1859
1858 1860
1858 3063
1858 3073
1858 3111
1858 3943
1858 3970
1858 4915
1858 4921
1858 6324
1858 6328
1858 10356
1858 10358
1858 10364
1858 10366
1858 10376
1858 10378
1859 1860
1859 2191
1859 3063
1859 3073
1859 3111
1859 3943
1859 3970
1859 4170
1859 4174
1859 4915
1859 4921
1859 6324
1859 6328
1859 10356
1859 10358
1859 10364
1859 10366
1859 10376
1859 10378
1860 2572
1860 10358
1860 11407
1860 11411
1860 11413
1893 2928
1893 3885
1902 2533
1902 3144
1920 1924
1920 1928
1920 1929
1920 1930
1920 1935
1920 1937
1920 11987
1924 1928
1924 1929
1924 1930
1924 1935
1924 1937
1928 1929
1928 1930
1928 1935
1928 1937
1929 1930
1929 1935
1929 1937
1929 11987
1930 1935
1930 1937
1930 11987
1935 1937
1937 11987
1953 1955
1953 2699
1953 6020
1955 4055
1955 13418
1965 3585
1965 4055
1965 4633
1983 3063
1983 3073
1983 7869
1983 13439
2049 3585
2049 3587
2049 3596
2049 7488
2049 7550
2049 7870
2091 2092
2091 3063
2091 3073
2091 3289
2091 3311
2091 3312
2091 3318
2091 3969
2091 4068
2091 5208
2091 9869
2091 10527
2091 10528
2091 10530
2091 10533
2092 2517
2092 2572
2092 3073
2092 3880
2092 3948
2092 4068
2092 4228
2092 4915
2092 5209
2092 5211
2092 7112
2092 7870
2092 8041
2092 9882
2092 10087
2092 10522
2092 11390
2092 13956
2092 14315
2092 14316
2092 14317
2092 14318
2092 14319
2092 14320
2092 14321
2092 14322
2092 14323
2092 14324
2107 2140
2107 2683
2107 3073
2107 4223
2107 7485
2107 7543
2107 7562
2107 7568
2107 7574
2107 8521
2107 10081
2107 10082
2107 10083
2107 10085
2107 10088
2107 10089
2107 10091
2107 10096
2107 10102
2107 10122
2107 10144
2107 10342
2107 13811
2107 13812
2107 13814
2140 2144
2140 2699
2140 3072
2140 3595
2140 4069
2140 4915
2140 4944
2140 6073
2140 6081
2140 7477
2140 7485
2140 7488
2140 10096
2144 2699
2144 4226
2144 4228
2144 7485
2144 7488
2191 3073
2191 3948
2191 4170
2191 4174
2191 6324
2191 7857
2191 12087
2191 12091
2198 2214
2198 2549
2198 2550
2198 2565
2198 2569
2213 8102
2213 8107
2214 2549
2214 2550
2214 2565
2214 2569
2299 3309
2299 4399
2299 8695
2299 12585
2342 4391
2342 8432
2342 11390
2342 13708
2364 2578
2364 7575
2364 10338
2364 10342
2364 10476
2385 8708
2432 4929
2432 5157
2432 5158
2432 5161
2432 5164
2432 5171
2515 2517
2515 3541
2515 5995
2515 5997
2515 5999
2515 6007
2517 2572
2517 3379
2517 3880
2517 5174
2517 7112
2517 10087
2517 13699
2521 3382
2521 3942
2521 3943
2521 4929
2521 5145
2521 5157
2521 5163
2521 5169
2521 5172
2521 7047
2521 7054
2549 2550
2549 2565
2549 2569
2550 2565
2550 2569
2565 2569
2572 3880
2572 4944
2572 5142
2572 6073
2572 6081
2572 7112
2572 10087
2572 13699
2578 4287
2578 7575
2578 10338
2578 10342
2578 10476
2578 12412
2676 4069
2676 7912
2683 4069
2683 5142
2683 5158
2683 7485
2683 10081
2683 10082
2683 10083
2683 10085
2683 10087
2683 10088
2683 10089
2683 10091
2683 10092
2683 13703
2699 4226
2699 4228
2699 7477
2699 7488
2699 7489
2699 9225
2699 13409
2699 13413
2749 2750
2749 2751
2749 9185
2750 2751
2750 8205
2750 9882
2750 13028
2751 8205
2751 9882
2751 13028
2758 6782
2758 6792
2758 10127
2758 12193
2758 14722
2758 19674
2758 19675
2758 19676
2758 19678
2758 19680
2896 2898
2896 2900
2896 2901
2896 4559
2896 4688
2896 5235
2896 8510
2896 10096
2896 10105
2896 10149
2896 10150
2898 2900
2898 2901
2898 2928
2898 2929
2898 4559
2898 4688
2898 5235
2898 8510
2898 10149
2898 10150
2900 2901
2900 2929
2900 4559
2900 5235
2900 10149
2900 10150
2901 4559
2901 4915
2901 4929
2901 5156
2901 5157
2901 5158
2901 5165
2901 5235
2901 8521
2901 10105
2901 10149
2901 10150
2901 17315
2928 2929
2928 3309
2928 4399
2928 6786
2929 10149
3049 3055
3049 3063
3049 3064
3049 3066
3049 3069
3049 3072
3049 3073
3055 3063
3055 3066
3055 3069
3055 3072
3055 3073
3063 3066
3063 3069
3063 3072
3063 3073
3063 3105
3063 3111
3063 3311
3063 3596
3063 3743
3063 3922
3063 3923
3063 3934
3063 3948
3063 3950
3063 3953
3063 3955
3063 3959
3063 3968
3063 3969
3063 3970
3063 4174
3063 4226
3063 4228
3063 4339
3063 4915
3063 4921
3063 5087
3063 5114
3063 5382
3063 6225
3063 6227
3063 6228
3063 6324
3063 6328
3063 7869
3063 8701
3063 8705
3063 8826
3063 8828
3063 8829
3063 8831
3063 9225
3063 10356
3063 10358
3063 10364
3063 10366
3063 10376
3063 10378
3063 10528
3063 10533
3063 10576
3063 11023
3063 11029
3063 11031
3063 11683
3063 11687
3063 12617
3063 13087
3063 13363
3063 13400
3063 13409
3063 13414
3063 13420
3063 13422
3063 13439
3063 14105
3063 14973
3063 15875
3063 16310
3063 16311
3063 16313
3063 16320
3063 16325
3063 16327
3063 16328
3063 16329
3063 16330
3063 16331
3064 3206
3064 3939
3064 3943
3064 4929
3064 5146
3064 5156
3064 5165
3066 3069
3066 3072
3066 3073
3069 3072
3069 3073
3069 3115
3069 3743
3069 3923
3069 3948
3069 3966
3069 3967
3069 3968
3069 3969
3069 4175
3069 14102
3069 14104
3069 14105
3069 14107
3069 14108
3069 14111
3072 3073
3072 3115
3072 3743
3072 3923
3072 3948
3072 3966
3072 3967
3072 3968
3072 3969
3072 3970
3072 4175
3072 4339
3072 4944
3072 5087
3072 5114
3072 5382
3072 6073
3072 6081
3072 8829
3072 14102
3072 14104
3072 14105
3072 14107
3072 14108
3072 14111
3072 15875
3072 16320
3072 16325
3072 16329
3072 16330
3073 3105
3073 3111
3073 3115
3073 3289
3073 3311
3073 3312
3073 3318
3073 3469
3073 3596
3073 3743
3073 3880
3073 3922
3073 3923
3073 3934
3073 3936
3073 3944
3073 3948
3073 3950
3073 3953
3073 3955
3073 3959
3073 3966
3073 3967
3073 3968
3073 3969
3073 3970
3073 4068
3073 4170
3073 4174
3073 4175
3073 4181
3073 4226
3073 4228
3073 4339
3073 4915
3073 4921
3073 5087
3073 5114
3073 5208
3073 5209
3073 5211
3073 5382
3073 6140
3073 6225
3073 6227
3073 6228
3073 6324
3073 6328
3073 7562
3073 7568
3073 7857
3073 7869
3073 7870
3073 8041
3073 8695
3073 8701
3073 8705
3073 8826
3073 8828
3073 8829
3073 8831
3073 9225
3073 9288
3073 9317
3073 9318
3073 9869
3073 9882
3073 10105
3073 10113
3073 10115
3073 10139
3073 10141
3073 10165
3073 10173
3073 10356
3073 10358
3073 10364
3073 10366
3073 10376
3073 10378
3073 10381
3073 10522
3073 10527
3073 10528
3073 10530
3073 10533
3073 10576
3073 10579
3073 10904
3073 11023
3073 11029
3073 11031
3073 11361
3073 11683
3073 11685
3073 11687
3073 11691
3073 12087
3073 12091
3073 12419
3073 12530
3073 12617
3073 13087
3073 13132
3073 13185
3073 13363
3073 13400
3073 13401
3073 13409
3073 13413
3073 13414
3073 13415
3073 13417
3073 13418
3073 13419
3073 13420
3073 13422
3073 13439
3073 13670
3073 13811
3073 13812
3073 13814
3073 13956
3073 14102
3073 14104
3073 14105
3073 14107
3073 14108
3073 14111
3073 14315
3073 14316
3073 14317
3073 14318
3073 14319
3073 14320
3073 14321
3073 14322
3073 14323
3073 14324
3073 14973
3073 15219
3073 15222
3073 15247
3073 15248
3073 15249
3073 15250
3073 15875
3073 16309
3073 16310
3073 16311
3073 16312
3073 16313
3073 16314
3073 16315
3073 16316
3073 16317
3073 16318
3073 16319
3073 16320
3073 16321
3073 16322
3073 16323
3073 16324
3073 16325
3073 16326
3073 16327
3073 16328
3073 16329
3073 16330
3073 16331
3097 5235
3097 10105
3097 10115
3097 10127
3105 3115
3105 3922
3105 3923
3105 3934
3105 3936
3105 3944
3105 3948
3105 3950
3105 3953
3105 3955
3105 3959
3111 3289
3111 3923
3111 3934
3111 3948
3111 3970
3111 4174
3111 4915
3111 4921
3111 6328
3111 8705
3111 9288
3111 9869
3111 10358
3111 10364
3111 10376
3111 10527
3111 11683
3111 11685
3111 11687
3111 11691
3115 3743
3115 3923
3115 3966
3115 3967
3115 3968
3115 3969
3115 3970
3144 4339
3206 3318
3206 3939
3206 6763
3206 7034
3206 7036
3206 7039
3206 8521
3206 8905
3206 10117
3206 10127
3289 3311
3289 3312
3289 3318
3289 3948
3289 3969
3289 4170
3289 5208
3289 8705
3289 9288
3289 9869
3289 10527
3289 10530
3289 11683
3289 11691
3289 12419
3309 3379
3309 3382
3309 3385
3309 4399
3309 5564
3309 6782
3309 6786
3309 6792
3311 3312
3311 3318
3311 3969
3311 4915
3311 5208
3311 9869
3311 10522
3311 10527
3311 10528
3311 10530
3311 10533
3312 3318
3312 3969
3318 3969
3318 10530
3379 3382
3379 3385
3379 5156
3379 5174
3382 3385
3469 9317
3469 10381
3469 13415
3469 15219
3469 15222
3541 5995
3541 5997
3541 5999
3541 6007
3585 3587
3585 3596
3585 7488
3585 7550
3587 3595
3587 3596
3587 7540
3587 7550
3595 3596
3595 7550
3596 7550
3596 7869
3658 3922
3658 3934
3658 5176
3658 6381
3658 7912
3713 4633
3743 3923
3743 3948
3743 3966
3743 3967
3743 3968
3743 3969
3743 14105
3744 4399
3744 5142
3744 6299
3744 7574
3744 10100
3744 10110
3744 10130
3744 13703
3880 3948
3880 4068
3880 4228
3880 4915
3880 5209
3880 5211
3880 7112
3880 7870
3880 8041
3880 9882
3880 10087
3880 10522
3880 11390
3880 13699
3880 13956
3880 14315
3880 14316
3880 14317
3880 14318
3880 14319
3880 14320
3880 14321
3880 14322
3880 14323
3880 14324
3881 3885
3881 5176
3885 5176
3922 3934
3922 3959
3922 4175
3922 4181
3922 6140
3922 9318
3922 10904
3922 13185
3922 16328
3923 3934
3923 3948
3923 3966
3923 3967
3923 3968
3923 3969
3923 3970
3923 14105
3934 3959
3934 4175
3934 4181
3934 6140
3934 9318
3934 10904
3934 13185
3934 16328
3936 3944
3936 3969
3939 3943
3939 4915
3939 4929
3939 4944
3939 5146
3939 5156
3939 5157
3939 5158
3939 5165
3939 6073
3942 5114
3942 5145
3942 5150
3942 5163
3942 5169
3942 5172
3942 5537
3942 7043
3942 7047
3942 7050
3942 7054
3942 7058
3942 7059
3943 4217
3943 4929
3943 5143
3943 5145
3943 5147
3943 5149
3943 5150
3943 5151
3943 5155
3943 5157
3943 5158
3943 5159
3943 5163
3943 5165
3943 5169
3943 5172
3943 5173
3943 5174
3943 5537
3943 5543
3944 3969
3948 3950
3948 3953
3948 3955
3948 3959
3948 4068
3948 4170
3948 4915
3948 5209
3948 5211
3948 6324
3948 6328
3948 7857
3948 7870
3948 8041
3948 8705
3948 9225
3948 9288
3948 9869
3948 9882
3948 10105
3948 10115
3948 10141
3948 10173
3948 10522
3948 10527
3948 11683
3948 11685
3948 11691
3948 12087
3948 12091
3948 12419
3948 12530
3948 13409
3948 13414
3948 13418
3948 13422
3948 13956
3948 14105
3948 14315
3948 14316
3948 14317
3948 14318
3948 14319
3948 14320
3948 14321
3948 14322
3948 14323
3948 14324
3948 16310
3948 16331
3950 3953
3950 3955
3950 3959
3950 11023
3950 11029
3950 11031
3953 3955
3953 3959
3953 11023
3953 11029
3953 11031
3955 3959
3955 5235
3955 11023
3955 11029
3955 11031
3955 12665
3955 12670
3959 13185
3966 3967
3966 3968
3966 3969
3966 3970
3967 3968
3967 3969
3968 3969
3968 4175
3968 4226
3968 4228
3968 13087
3968 14102
3968 14104
3968 14107
3968 14108
3968 14111
3968 16311
3968 16313
3968 16327
3969 4175
3969 10530
3969 10579
3969 11361
3969 14102
3969 14104
3969 14107
3969 14108
3969 14111
3969 16314
3970 4174
3970 6328
3970 8705
3970 11687
4055 4058
4055 5176
4055 5368
4055 8158
4055 8668
4058 8158
4058 8668
4068 4228
4068 4915
4068 5209
4068 5211
4068 7870
4068 8041
4068 9882
4068 10522
4068 13956
4068 14315
4068 14316
4068 14317
4068 14318
4068 14319
4068 14320
4068 14321
4068 14322
4068 14323
4068 14324
4069 4181
4069 4223
4069 4559
4069 7485
4069 10081
4069 10082
4069 10083
4069 10085
4069 10087
4069 10088
4069 10089
4069 10091
4069 10092
4170 4174
4170 6324
4170 8705
4170 11683
4170 11685
4170 12419
4174 4915
4174 4921
4174 9317
4174 10358
4174 10364
4174 10376
4174 10381
4175 4181
4175 14102
4175 14104
4175 14107
4175 14108
4175 14111
4181 4559
4181 10098
4181 10113
4181 10139
4181 10165
4181 10173
4217 4929
4217 5143
4217 5147
4217 5155
4217 5159
4217 5173
4223 4339
4223 5087
4223 5114
4223 5559
4223 5564
4223 8521
4223 10096
4223 10102
4223 10122
4223 10144
4223 15875
4226 4228
4226 13087
4226 16311
4226 16313
4226 16327
4228 13087
4228 16311
4228 16313
4228 16325
4228 16327
4287 7575
4287 10338
4287 10342
4287 10476
4287 12412
4289 8432
4289 10522
4289 14323
4339 5087
4339 5114
4339 5382
4339 8829
4339 15875
4339 16320
4339 16325
4339 16329
4339 16330
4391 5520
4391 7540
4391 8432
4391 8517
4391 10597
4391 10598
4391 10599
4391 10602
4391 10603
4391 13708
4399 6786
4399 11987
4399 13698
4399 13705
4399 13706
4439 4444
4439 5233
4439 5236
4444 5233
4444 5236
4456 5114
4456 8826
4456 8828
4456 8829
4456 8831
4456 10408
4456 10414
4456 11321
4456 12520
4559 10149
4559 10150
4687 7541
4687 7543
4687 8521
4687 8708
4687 8905
4687 10098
4687 10099
4687 10105
4687 10110
4687 10115
4687 10130
4687 13439
4688 6225
4688 7541
4688 7543
4688 8510
4688 8520
4688 8521
4688 8522
4688 8524
4915 4921
4915 4944
4915 5209
4915 5211
4915 7870
4915 8041
4915 9882
4915 10358
4915 10364
4915 10376
4915 10522
4915 13956
4915 14315
4915 14316
4915 14317
4915 14318
4915 14319
4915 14320
4915 14321
4915 14322
4915 14323
4915 14324
4921 4944
4921 10358
4921 10364
4921 10376
4929 5142
4929 5143
4929 5145
4929 5146
4929 5147
4929 5149
4929 5150
4929 5151
4929 5155
4929 5156
4929 5157
4929 5158
4929 5159
4929 5161
4929 5163
4929 5164
4929 5165
4929 5169
4929 5171
4929 5172
4929 5173
4929 5174
4944 6073
4944 6081
4944 7488
4944 7489
4944 8828
4944 8831
5087 5114
5087 5382
5087 8829
5087 15875
5087 16325
5087 16330
5114 5382
5114 8829
5114 15875
5114 16320
5114 16325
5114 16329
5114 16330
5142 9185
5142 13694
5142 13695
5142 13709
5143 5147
5143 5155
5143 5159
5143 5173
5145 5157
5145 5163
5145 5169
5145 5172
5145 7047
5145 7054
5146 5156
5146 5157
5146 5158
5146 5165
5147 5155
5147 5159
5147 5173
5149 5157
5149 5158
5150 5151
5150 5158
5150 5169
5150 5174
5150 5520
5150 5537
5150 5543
5150 7043
5150 7050
5150 7058
5150 7059
5150 11316
5150 11321
5150 11322
5150 11323
5150 19671
5150 19672
5150 19673
5150 19677
5150 19679
5151 5158
5151 5169
5151 5174
5151 5537
5151 5543
5151 19671
5151 19672
5151 19677
5151 19679
5155 5159
5155 5173
5156 5157
5156 5158
5156 5165
5157 5158
5157 5161
5157 5163
5157 5164
5157 5165
5157 5171
5157 5172
5158 5161
5158 5164
5158 5165
5158 5169
5158 5171
5158 5174
5158 10081
5159 5173
5161 5164
5161 5171
5163 5169
5163 5172
5163 7047
5163 7054
5164 5171
5169 5172
5169 5174
5169 5537
5169 5543
5169 7047
5169 7054
5169 7059
5169 11316
5169 11322
5169 15248
5169 15249
5169 15250
5169 19671
5169 19672
5169 19677
5169 19679
5172 7047
5172 7054
5174 5537
5174 5543
5174 19671
5174 19672
5174 19677
5174 19679
5176 6381
5176 8394
5193 13702
5208 9225
5208 9869
5208 10527
5208 13413
5208 13418
5208 13419
5208 13422
5208 15247
5208 15248
5208 15249
5208 15250
5208 16316
5208 16319
5209 5211
5209 7870
5209 8041
5209 9882
5209 10522
5209 11390
5209 13956
5209 14315
5209 14316
5209 14317
5209 14318
5209 14319
5209 14320
5209 14321
5209 14322
5209 14323
5209 14324
5211 7870
5211 8041
5211 9882
5211 10522
5211 11390
5211 13956
5211 14315
5211 14316
5211 14317
5211 14318
5211 14319
5211 14320
5211 14321
5211 14322
5211 14323
5211 14324
5233 5236
5235 10105
5235 10115
5235 10149
5236 9317
5236 10381
5382 8829
5382 15875
5382 16320
5382 16325
5382 16329
5382 16330
5520 7540
5520 8517
5520 10597
5520 10598
5520 10599
5520 10602
5520 10603
5537 5543
5537 7043
5537 7050
5537 7058
5537 7059
5537 15248
5537 15249
5537 15250
5537 19671
5537 19672
5537 19677
5537 19679
5543 19671
5543 19672
5543 19677
5543 19679
5559 5564
5559 7543
5559 10096
5559 10144
5564 7543
5564 10096
5564 10144
5973 9331
5973 10579
5973 11361
5995 5997
5995 5999
5995 6007
5997 5999
5997 6007
5999 6007
6020 6267
6020 8668
6073 6081
6073 7488
6073 7489
6073 8828
6073 8831
6081 7488
6081 7489
6140 9318
6140 10904
6140 13185
6225 6227
6225 6228
6225 7869
6225 8510
6225 10533
6225 12617
6227 6228
6227 7869
6227 10533
6227 12617
6228 7869
6228 10533
6228 12617
6267 8668
6299 10100
6299 10110
6299 10130
6324 6328
6324 7857
6324 8705
6324 10105
6324 10115
6324 10141
6324 10356
6324 10364
6324 10366
6324 10378
6324 11685
6324 12087
6324 12091
6324 12419
6324 12530
6324 16310
6328 8705
6328 10356
6328 10364
6328 10366
6328 10378
6328 11683
6328 11687
6328 16310
6328 16331
6373 7288
6763 7034
6763 7036
6763 7039
6763 8905
6763 10117
6763 10127
6782 6792
6782 10127
6782 12193
6782 14722
6782 19674
6782 19675
6782 19676
6782 19678
6782 19680
6792 10127
6792 12193
6792 14722
6792 19674
6792 19675
6792 19676
6792 19678
6792 19680
7034 7036
7034 7039
7034 8905
7034 10117
7034 10127
7036 7039
7036 8905
7036 10117
7036 10127
7039 8905
7039 10117
7039 10127
7043 7058
7043 7059
7047 7054
7050 19673
7058 7059
7059 19671
7059 19679
7112 10087
7112 13699
7477 7489
7485 7488
7485 10081
7485 10082
7485 10083
7485 10085
7485 10087
7485 10088
7485 10089
7485 10091
7485 10092
7488 7489
7540 8517
7540 10597
7540 10598
7540 10599
7540 10602
7540 10603
7541 7543
7541 8510
7541 8520
7541 8521
7541 8522
7541 8524
7541 8905
7541 10117
7543 8510
7543 8520
7543 8521
7543 8522
7543 8524
7543 8905
7543 10096
7543 10102
7543 10117
7562 7568
7562 13132
7562 13415
7562 13814
7562 16312
7562 16318
7562 16322
7568 7574
7568 13811
7568 13812
7568 13814
7574 7575
7574 8510
7574 8521
7574 8522
7574 8524
7575 10338
7575 10342
7575 10476
7575 12412
7857 7870
7857 12087
7857 12091
7869 9225
7869 10533
7869 12617
7869 13363
7869 13400
7869 13401
7869 13409
7869 13413
7869 13414
7869 13415
7869 13419
7869 13420
7869 13422
7869 13439
7869 14973
7870 8041
7870 9882
7870 10522
7870 13956
7870 14315
7870 14316
7870 14317
7870 14318
7870 14319
7870 14320
7870 14321
7870 14322
7870 14323
7870 14324
8041 9882
8041 10522
8041 11390
8041 13956
8041 14315
8041 14316
8041 14317
8041 14318
8041 14319
8041 14320
8041 14321
8041 14322
8041 14323
8041 14324
8102 8107
8205 13028
8374 8668
8510 8517
8510 8520
8510 8521
8510 8522
8510 8524
8517 10597
8517 10598
8517 10599
8517 10602
8517 10603
8520 8521
8520 8522
8520 8524
8521 8522
8521 8524
8521 8708
8521 8905
8521 10096
8521 10098
8521 10099
8521 10100
8521 10102
8521 10105
8521 10110
8521 10115
8521 10122
8521 10127
8521 10130
8521 17315
8522 8524
8573 8577
8695 8701
8695 9317
8695 9318
8695 10364
8695 10366
8695 10378
8701 8831
8701 9317
8701 10576
8701 10579
8705 8708
8705 9288
8705 9869
8705 10527
8705 11683
8705 11685
8705 11687
8705 11691
8705 12419
8705 12530
8708 8905
8708 10099
8708 10105
8708 10110
8708 10115
8708 10130
8826 8828
8826 8831
8826 12419
8828 8831
8829 16325
8829 16330
8831 9185
8831 10579
8905 10099
8905 10105
8905 10110
8905 10115
8905 10130
9185 13694
9185 13695
9185 13709
9225 10173
9225 13400
9225 13401
9225 13409
9225 13413
9225 13414
9225 13415
9225 13417
9225 13418
9225 13419
9225 13420
9225 13422
9288 9869
9288 10527
9288 11683
9288 11685
9288 11691
9317 9318
9317 10381
9317 13415
9317 15219
9317 15222
9318 10904
9318 13185
9331 10579
9331 11361
9869 10527
9869 11683
9869 11685
9869 11691
9882 10522
9882 13956
9882 14315
9882 14316
9882 14317
9882 14318
9882 14319
9882 14320
9882 14321
9882 14322
9882 14323
9882 14324
9944 9945
10081 10082
10081 10083
10081 10085
10081 10087
10081 10088
10081 10089
10081 10091
10081 10092
10082 10083
10082 10085
10082 10087
10082 10088
10082 10089
10082 10091
10082 10092
10082 13703
10083 10085
10083 10087
10083 10088
10083 10089
10083 10091
10083 10092
10083 13703
10085 10087
10085 10088
10085 10089
10085 10091
10085 10092
10087 10088
10087 10089
10087 10091
10087 10092
10087 13699
10087 13703
10088 10089
10088 10091
10088 10092
10088 13703
10089 10091
10089 10092
10089 13703
10091 10092
10096 10102
10096 10122
10096 10144
10098 10113
10098 10127
10098 10139
10099 10105
10099 10110
10099 10115
10099 10130
10100 10110
10100 10130
10100 12665
10100 12670
10100 13707
10102 10122
10105 10110
10105 10115
10105 10130
10105 10141
10105 12530
10110 10115
10110 10130
10113 10139
10113 10165
10113 10173
10115 10130
10115 10141
10115 10147
10115 12530
10117 10127
10121 10127
10127 12193
10127 14722
10127 19674
10127 19675
10127 19676
10127 19678
10127 19680
10139 10165
10139 10173
10141 10147
10141 10904
10141 12530
10149 10150
10165 10173
10173 13409
10173 13414
10173 13418
10173 13422
10338 10342
10338 10476
10338 12412
10342 10476
10342 12412
10356 10364
10356 10366
10356 10378
10358 10364
10358 10376
10364 10366
10364 10376
10364 10378
10364 13670
10366 10378
10366 13670
10381 13415
10381 15219
10381 15222
10408 10414
10408 11321
10408 12520
10414 11321
10414 12520
10476 12412
10522 13956
10522 14315
10522 14316
10522 14317
10522 14318
10522 14319
10522 14320
10522 14321
10522 14322
10522 14323
10522 14324
10527 11683
10527 11691
10533 12617
10579 11361
10579 16314
10597 10598
10597 10599
10597 10602
10597 10603
10598 10599
10598 10602
10598 10603
10599 10602
10599 10603
10602 10603
10603 13693
10904 13185
11023 11029
11023 11031
11029 11031
11316 11321
11316 11322
11316 11323
11321 11323
11321 12520
11361 16314
11407 11411
11407 11413
11411 11413
11683 11691
11683 12419
11683 16331
11685 11691
11685 12419
11687 15875
11987 13698
11987 13705
11987 13706
12087 12091
12193 14722
12193 19674
12193 19675
12193 19676
12193 19678
12193 19680
12585 12654
12585 13697
12665 12670
13087 16311
13087 16313
13087 16327
13132 13415
13132 13814
13132 16312
13132 16315
13132 16317
13132 16318
13132 16322
13132 16323
13363 14973
13400 13409
13400 13414
13400 13420
13400 13422
13401 13413
13401 13415
13401 13419
13409 13413
13409 13414
13409 13418
13409 13420
13409 13422
13413 13415
13413 13418
13413 13419
13413 13422
13414 13418
13414 13420
13414 13422
13415 13419
13415 13814
13415 15219
13415 15222
13415 16312
13415 16318
13415 16322
13417 13419
13418 13422
13419 13422
13420 13422
13690 13691
13690 13693
13691 13693
13692 13696
13692 13700
13694 13695
13694 13709
13695 13709
13696 13700
13698 13705
13698 13706
13705 13706
13811 13812
13814 16312
13814 16318
13814 16322
13956 14315
13956 14316
13956 14317
13956 14318
13956 14319
13956 14320
13956 14321
13956 14322
13956 14323
13956 14324
14102 14104
14102 14107
14102 14108
14102 14111
14104 14107
14104 14108
14104 14111
14107 14108
14107 14111
14108 14111
14315 14316
14315 14317
14315 14318
14315 14319
14315 14320
14315 14321
14315 14322
14315 14323
14315 14324
14316 14317
14316 14318
14316 14319
14316 14320
14316 14321
14316 14322
14316 14323
14316 14324
14317 14318
14317 14319
14317 14320
14317 14321
14317 14322
14317 14323
14317 14324
14318 14319
14318 14320
14318 14321
14318 14322
14318 14323
14318 14324
14319 14320
14319 14321
14319 14322
14319 14323
14319 14324
14320 14321
14320 14322
14320 14323
14320 14324
14321 14322
14321 14323
14321 14324
14322 14323
14322 14324
14323 14324
14722 19674
14722 19675
14722 19676
14722 19678
14722 19680
15219 15222
15247 15248
15247 15249
15247 15250
15247 16316
15247 16319
15248 15249
15248 15250
15248 16316
15248 16319
15249 15250
15249 16316
15249 16319
15250 16316
15250 16319
15875 16320
15875 16329
15875 16330
16309 16321
16309 16324
16309 16326
16311 16313
16311 16327
16312 16318
16312 16322
16313 16327
16315 16317
16315 16323
16316 16319
16317 16323
16318 16322
16320 16329
16320 16330
16321 16324
16321 16326
16324 16326
16325 16330
16325 18702
16329 16330
19671 19672
19671 19677
19671 19679
19672 19677
19672 19679
19674 19675
19674 19676
19674 19678
19674 19680
19675 19676
19675 19678
19675 19680
19676 19678
19676 19680
19677 19679
19678 19680
