0.012S
50 79 88 90
50 79 80 90 99
50 54 81 83 90 94 99
50 79 81 83 90 99
50 76 79 83 90 99
54 234 1076 3596
76 79 83 90 99 1396 8521 8905
79 88 90 4687
79 90 989 1057 4687
79 80 90 99 1396 2898
79 83 90 99 2901 8521 10105
79 83 90 99 1396 3206 8521 8905
79 83 90 99 1396 3206 8521 10127
79 81 83 90 99 1396 8521 10098 10127
79 83 90 99 1396 1797 4687 8521
79 83 90 99 1396 4687 8521 10098
79 83 90 99 1396 4687 8521 8708 8905 10099 10105 10110 10115 10130
79 83 90 99 1396 1797 8521 10127
79 83 90 99 2896 2901 10105
79 83 90 99 2896 2898 2900 2901 10149
79 83 90 99 1396 2898
79 90 989 4687 8521 8905
79 90 989 2896 2898 2900
79 83 99 2896 2898 2900 2901 4559 10149 10150
79 83 99 1396 2898 4559
79 80 516
80 90 99 1396 2898 2928 2929
81 83 90 94 99 1860 11407 11411 11413
83 90 255 1396 2898
83 90 255 1396 4223 10096
83 90 255 1396 10115
83 90 255 1396 10121 10127
83 90 255 2896 2898 2900 2901
83 90 255 2896 10096
83 90 255 3097 10115
83 90 255 3097 10127
83 99 2758 6782 6792 10127 14722 19675 19676 19678
83 90 99 3097 5235 10105 10115
83 90 99 2896 2901 5235 10105
83 90 99 2896 2898 2900 2901 5235 10149
83 90 99 1797 16325 18702
83 90 99 2896 2898 4688 8510
83 90 99 2896 10096
83 90 99 3097 10127
83 90 99 1396 3206 6763 7034 7036 7039 10117 10127
83 90 99 1396 3206 6763 7034 7036 7039 8905
83 90 99 4688 7541 7543 8510 8520 8521 8522 8524
83 90 99 7574 8510 8521 8522 8524
83 90 99 1396 2107 4223 8521 10096 10102 10122
83 90 99 1396 8521 10100 10110 10130
83 90 99 4687 7541 7543 8521 8905
83 90 99 2107 7543 8521 10096 10102
83 90 99 2107 7574 8521
83 90 99 1396 2107 2140 10096
83 90 99 7541 7543 10117
83 90 99 1396 1797 10121 10127
83 90 99 1396 2107 4223 10096 10144
88 1983 3063 3073 7869 13439
88 4687 13439
90 99 2898 2900 2929 10149
90 99 947 4687 7541 7543
90 99 947 1396 4687
90 99 1396 10105 10115 10141
90 99 1396 10115 10141 10147
90 989 4687 7541 7543 8521 8905
90 989 10141
90 255 1396 10115 10147
90 947 1057 4687
99 3943 5150 5151 5169 5174 5537 5543
99 5150 5151 5169 5174 5537 5543 19671 19672 19677 19679
99 947 3942 5150 5169 5537 7059
99 5150 5169 5537 7059 19671 19679
99 947 3942 5150 5537 7043 7058 7059
99 3942 5150 5537 7050
99 4223 5559 5564 10096 10144
99 5559 5564 7543 10096
99 947 5564 7543
99 4456 10408 10414 11321 12520
99 1735 10408 10414 11321
99 2901 8521 17315
99 5150 7050 19673
99 2758 6782 6792 10127 12193 14722 19674 19675 19676 19678 19680
99 3064 3206 3939
99 3064 3939 4929 5146 5156 5165
99 3064 3939 3943 4929 5165
99 947 1735 5150 11316 11321 11323
99 947 5150 5169 11316 11322
99 3943 4929 5150 5151 5158 5169 5174
99 2521 3942 5145 5163 5169 5172 7047 7054
99 3939 4929 5146 5156 5157 5158 5165
99 3939 3943 4929 5157 5158 5165
99 940 3943 4217 4929 5143 5147 5155 5159 5173
99 3943 4929 5149 5157 5158
99 2521 3943 4929 5145 5157 5163 5172
99 2521 3943 4929 5145 5163 5169 5172
99 940 5235
99 2901 4929 5156 5157 5158 5165
99 2432 4929 5157 5158 5161 5164 5171
245 250 260
245 255 260 267 285 289
250 260 1030
250 260 2385
250 260 1615 1955
250 260 4372
260 2676 7912
260 675 16655
260 289 4439 4444 5233 5236
260 289 6020 6267 8668
260 289 6373 7288
260 289 1163 1169 8374
260 289 3144
260 289 398 1893
260 289 8374 8668
260 289 5176 8394
260 289 1185 4055 4058
260 289 4055 4058 8668
260 289 1965 4055
260 289 4055 5368
260 289 4055 5176
260 289 4372
260 289 1965 4633
260 442 1030 3885
260 3658 5176 6381
260 553 6786
260 366 1893
260 366 1192
260 564 718 2213 8102 8107
260 3658 7912
260 3713 4633
260 3881 3885 5176
260 398 1893 3885
260 1192 1965
260 718 4055
260 1656 8107
260 4055 4058 8158
260 1656 1664
260 1656 4439
260 988 1656
260 1664 14616
260 1955 4055
305 1369 1902 2533
314 2091 3073 3289 3311 3312 3318 3969
339 757 2144 2699
41 339 1369 2699 7477 7489
41 339 1369 2699 7488 7489
41 339 1369 2144 2699 7488
41 339 1012 2140 2144 2699
41 339 1012 2144 2699 4226 4228
41 339 2140 2144 2699 7488
41 339 2140 2144 7485 7488
41 339 1369 2144 7485 7488
41 339 949 2140 2144
41 339 844 2144
41 335 339
41 339 2140 2699 7477
339 949 2140 4944 6073 6081
339 1369 4944 6073 6081 7488 7489
339 2140 4944 6073 6081 7488
339 1369 3880
339 949 1796 3880
339 1796 3880 4228
339 1796 2144 4226 4228
339 949 1796 2144
335 337 339
14 28 231 349
28 349 1142
28 349 1069
41 349 697 709 1000 1011 1102
41 255 349 1040
41 335 349
41 349 844
41 349 1012
41 349 935 947 949 1057 1122
41 349 947 949 1057 1117
41 255 349 949
234 255 349 949
234 349 935 946 947 949 1052 1057 1110 1122
234 349 947 949 1052 1057 1110 1122 1127 1143
234 349 935 946 947 949 1052 1057 1076 1122
255 349 986 999 1007 1026 1041 1071 1091 1097 1098
255 349 1040 1108
255 349 1059 1108
255 349 949 1082
255 349 949 1059
255 285 349
285 349 1184
285 349 1066 1146 1159 1162
285 349 1147
335 337 349 352
349 352 829 974 1093 1124 1141
349 352 979 1175
349 399 1045 1196
349 399 1046 1064
349 399 1078 1145
349 399 1078 1194
349 399 1064 1078 1084
349 399 1036 1078 1084
349 399 982 1003 1121
349 399 1085 1161 1170 1184 1193 1197
349 399 1084 1085 1197
349 628 640 935 946 947 949 996 1048 1053 1070 1118 1126
349 640 935 946 947 949 1057
349 663 664 666 673
349 663 666 668 673 678
349 692 693 1100 1104 1112 1176
349 692 693 709
349 692 698 709
349 694 698 712 722
349 829 1018 1019
349 836 842 854 968 985 1039 1148
349 836 842 847 854 968 985 1039
349 836 949 1057
349 836 844
349 842 854 1038 1168
349 842 854 979
349 844 990 1020 1079 1081 1116 1156 1182 1195
349 844 1185
349 854 985 1039 1141
349 909 1080 1087
349 934 1013 1189
349 935 946 947 949 1027
349 935 949 1082
349 946 1031
349 946 949 995 1117
349 946 947 949 1057 1076 1117
349 946 1034
349 947 1117 1171
349 965 1073
349 966 970 1004 1147 1180
349 969 1058 1199
349 970 1139
349 971 1180 1181
349 972 973 1001 1140
349 975 1179
349 976 1106 1174
349 978 983 1044 1055 1105 1114 1154
349 980 1050 1056 1090 1149
349 981 988 994 1028 1032 1153 1164 1167
349 977 989 1042 1092 1134 1173
349 940 984 989 1010 1017 1051 1063 1074 1075 1111 1160
349 943 956 967 989 1008 1021 1047 1186
349 987 989 1021 1101 1133 1144 1177 1187
349 678 989 1005 1021 1059 1191
349 757 984 989 1184
349 989 1005 1184
349 949 989 1057
349 940 989 1005
349 940 943 956 989
349 949 989 1059 1191
349 984 989 1059 1191
349 991 997 1018 1019 1035 1096
349 992 1002
349 993 1072
349 995 1182
349 995 1088 1103 1190
349 678 995 1088
349 997 1123 1165
349 998 1094
349 1002 1057
349 1004 1060 1129 1136 1137 1147 1180 1200
349 1004 1109 1125 1136 1138 1147 1180
349 1006 1022 1024 1128
349 1009 1034 1086 1095 1185
349 1009 1034 1086 1155 1185
349 1012 1027 1061 1077
349 1014 1016
349 1014 1132
349 1015 1099 1131
349 1016 1135 1157 1163 1169
349 1023 1033 1158
349 1025 1037 1180 1183
349 1027 1184
349 1029 1178 1180
349 1030 1139 1198
349 1031 1107 1172 1188
349 1036 1172
349 1039 1054 1062
349 1039 1184
349 757 1040 1108
349 1043 1067 1113
349 1049 1117 1142 1171 1192
349 1047 1054 1062
349 1064 1195
349 1065 1076
349 1068 1180 1184
349 1082 1166 1184
349 1082 1172
349 1083 1130 1158
349 1089 1152
349 1059 1108 1115
349 1114 1127
349 1115 1161
349 1115 1179
349 984 1074 1116 1182
349 1075 1119
349 1127 1128
349 1128 1163 1169
349 1138 1180 1181
349 1184 1193 1195
358 984 989 1074
358 362 1369 2515 3541 5995 5997 5999 6007
358 527 1369
358 2091 2092
376 1369 1920 1924 1928 1929 1930 1935 1937
398 527 1893
398 399 527
477 1369 8205
477 947 949 1057 1076 1965 3585
477 1192 1965
477 1369 1370
477 1192 1370
234 477 935 946 947 949 1052 1057 1076 3587
234 477 947 949 1057 1076 3585 3587
234 477 947 949 1076 3585 3587 3596
234 255 477 1369 2049 3585 3587 3596 7550
234 255 477 949 3585 3587 3596
234 477 576 3063 3073 3596 7869
234 255 477 576 1369 3587 3596 7550
234 255 477 576 949 3587 3596
234 477 576 935 1369 3587 3595 3596 7550
234 477 576 935 946 947 949 1052 1076 3587 3596
234 477 576 935 1076 3587 3595 3596
516 1369 5973 9331 10579 11361
523 678 995 1088 1369 2749 2750 2751
523 1369 3880
523 2092 3880
41 527 1369 1370
527 1192 1370
576 3073 10904
576 984 989 1074 10904
576 949 989
592 1498 1557 1563 1565 3073 3922 3934
592 601 757 10904
592 601 1557 1563 1565 3073 3922 3934 6140 9318 10904 13185
601 829 6140
712 718 728
728 1369 3309 3379 3382 3385
399 728 1078
925 946 949 995 5520 7540
925 995 1369 1610 4391 5520 7540 8517 10597 10598 10599 10602 10603
925 946 949 5150 5520
942 1177 5142
935 942 946 947 949 958
935 942 958 1369
942 958 1369 5142 9185 13694 13695 13709
942 958 1369 2572 5142
942 958 1369 2683 5142
942 1355 1369
945 955 1369 5208
945 1369 13701
945 1369 3744 6299 10100 10110 10130
945 1369 10100 13707
945 1369 10100 12665 12670
940 943 945 955 956
940 945 955 5208
955 1369 13694 13709
1346 1351 1354 1369
1182 1346 1355 1362 1369
1346 1355 1362 1369 1373
1346 1361 1369 1370
1351 1369 2342 11390
1351 1354 1369 2342
1351 1369 1953
1042 1134 1173 1355
984 1074 1116 1182 1355 8905
995 1182 1355 1362 1369 2750 2751 8205 13028
234 255 1355 1369 3585
1355 1369 7485
1355 1369 3744
1355 2107 2140 7485
41 935 1369 3587
41 255 1369 2049 3585 3587
41 255 1369 2699 7488
41 255 1369 2049 3585 7488
1369 2572 4944 6073 6081
255 1059 1108 1369
1369 2517 2572 3880 7112 10087 13699
1369 2683 4069 7485 10081 10082 10083 10085 10087 10088 10089 10091 10092
692 1369 2198 2214 2549 2550 2565 2569
1369 2342 4391 8432
1369 4289 8432
935 1369 3587 7540
935 1369 3309 4399
1059 1108 1115 1369 1373 8573 8577
1369 2749 9185
1369 9944 9945
1369 2683 10082 10083 10087 10088 10089 13703
995 1369 2364 2578 7575 10338 10342 10476
995 1369 2578 4287 7575 10338 10342 10476 12412
995 1088 1190 1369 10603 13693
995 1088 1190 1369 8517 10603
995 1182 1369 4287
995 1088 1103 1190 1369 13690 13691 13693
995 1103 1190 1369 2299
995 1369 1610 2299
1369 3880 11390
1369 1920 1929 1930 1937 11987
1369 4399 11987 13698 13705 13706
1369 12585 13697
1369 12585 12654
1369 2299 12585
1059 1369 3744
678 1059 1369
1369 13692 13696 13700
1369 5193 13702
1369 3744 13703
1369 2342 4391 13708
1115 1369 1370 3880
1369 1370 3744 4399
1369 1370 2517 3880
1369 1370 2515 2517
1369 1953 2699
1369 2517 3379
1369 1610 2299 3309 4399
1369 3744 5142
1082 1370 3744
1370 2092 2517 3880
1115 1370 2092 3880
1115 1161 1373
1396 4069 4223
1396 4069 4181 4559
1396 2140 4069
1396 4181 10098 10113 10139
1483 1517 3073 8695 8701 9317
1483 1486 1517 3073 8701 8831 10579
1114 1483 1486 1517 3063 3073 8701 10576
1483 1486 1517 3063 3073 8701 8831
1133 1483 1517 8701
757 1040 1108 1483 1517
1486 3063 3073 3311
1486 3063 3073 6225
1498 1859 2191 3073 4170 4174
1498 1557 1563 1565 3073 3922 3934 4175 4181
1498 3073 3969 4175
1498 3073 3105 3936 3944
1498 3073 3936 3944 3969
1498 3073 3105 3922 3934
1133 1144 1517
1144 1517 3970
1517 3072 3073 3115 3923 3966 3970
1517 3073 8695 10364 10366 10378
1517 1854 1858 1859 3063 3073 6328 10364 10366 10378
1517 1858 1859 3063 3073 3111 6328 10364
1517 1854 1859 3063 3073 4174 10364
1517 1859 3063 3073 3111 4174 10364
1517 3063 3072 3073 3923 3970
1517 1854 1858 1859 3063 3073 3970 6328
1517 1854 1859 3063 3073 3970 4174
1517 3063 3073 3111 3970 6328 8705 11687
1517 1858 1859 3063 3073 3111 3970 6328
1517 1859 3063 3073 3111 3970 4174
1517 3063 3073 3111 3923 3970
1517 3073 4174 9317
1563 1565 4181 4559
1193 1610 2299 3309
1193 1197 1610
1796 3063 3073 3968 4226 4228 13087 16311 16313 16327
1796 2092 3073 3880 4068 4228
1854 1858 1859 3063 3073 6324 6328 10356 10364 10366 10378
1854 1858 1859 3063 3073 10358 10364
1854 1859 3063 3073 4174 10358 10364
1854 1858 1859 1860 10358
1858 1859 3943
1858 1859 3063 3073 3111 4915 4921 10358 10364 10376
1859 2191 3073 4170 6324
1859 3063 3073 3111 4174 4915 4921 10358 10364 10376
934 1902 3144
1082 1955 4055
41 947 949 1057 1965 3585
41 255 1040 2049 3585 7488
234 255 2049 7870
2091 2092 3073 4068
2091 3073 3289 3311 5208 9869 10527
2091 3073 3289 3311 3318 3969 10530
2091 3063 3073 3311 10533
2091 3063 3073 3311 3969
2091 3063 3073 3311 10528
949 1117 2091
1117 2091 2092
2092 3073 3880 3948 4068 4915 5209 5211 7870 8041 9882 10522 13956 14315 14316 14317 14318 14319 14320 14321 14322 14323 14324
2092 3880 5209 5211 8041 11390
2092 2517 2572 3880 7112 10087
2107 3073 7562 7568 13814
1040 2107 2140
2107 2683 7485 10081 10082 10083 10085 10088 10089 10091
2107 3073 7568 13811 13812
2107 7568 7574
2140 4915 4944
41 1040 2140 7488
1040 2140 3595
949 2140 4069
2140 4069 7485
2140 3072 4944 6073 6081
2191 3073 3948 6324 7857 12087 12091
2191 3073 3948 4170 6324
1184 1193 2299
1005 1184 2299
2517 3379 5174
1173 2517 10087
692 1104 2569
1021 2578 10338 10342
949 995 2578
2683 5158 10081
255 2699 9225 13409 13413
2750 2751 9882
1080 2928 3309 4399 6786
3049 3055 3063 3066 3069 3072 3073
3063 3072 3073 4339 5114 5382 15875 16320 16329 16330
3063 3072 3073 4339 5087 5114 5382 15875 16330
3063 3072 3073 4339 5087 5114 5382 8829 16325 16330
3063 3073 4228 16325
3063 3073 6225 6227 6228 7869 10533 12617
3063 3073 3922 3934 16328
3063 3073 3950 3953 3955 11023 11029 11031
3063 3073 3311 4915
3063 3073 11687 15875
3063 3073 3105 3922 3934 3959
3063 3073 3111 3923 3934
3063 3073 3105 3923 3934
3063 3073 7869 9225 13400 13409 13414 13420 13422
3063 3073 7869 13363 14973
3063 3073 3105 3948 3950 3953 3955 3959
3063 3073 3948 9225 13409 13414 13422
3063 3073 3111 3948 4915
3063 3069 3072 3073 3743 3923 3948 14105
3063 3073 3105 3923 3948
3063 3073 3111 3923 3948
3063 3073 3948 6324 6328 8705
3063 3073 3111 3948 6328 8705 11683
3063 3073 3948 6328 11683 16331
3063 3073 3948 6324 6328 16310
3063 3069 3072 3073 3743 3923 3968 3969
3063 3073 8826 8828 8831
934 3064 3939 3943
3069 3072 3073 3968 3969 4175 14102 14104 14107 14108 14111
3069 3072 3073 3115 3743 3923 3966 3967 3968 3969
3073 7562 13132 13415 13814 16312 16318 16322
234 3073 7857 7870
3073 3948 7857 7870
3073 8695 9317 9318
1187 3073 3111 3289 3948 8705 9288 9869 10527 11683 11691
3073 3111 3948 8705 9288 9869 11685 11691
3073 3469 9317 10381 13415 15219 15222
3073 4174 9317 10381
3073 3948 6324 10105 10115 10141 12530
3073 4181 10113 10139 10165 10173
3073 10141 10904
3073 3948 9225 10173 13409 13414 13418 13422
3073 3311 4915 10522
3073 3969 10579 11361 16314
3073 3948 4170 6324 8705 11685 12419
3073 3289 3948 4170 8705 11683 12419
3073 8826 12419
3073 3948 6324 8705 12530
3073 13132 16315 16317 16323
3073 3922 3934 3959 13185
3073 7869 9225 13401 13413 13415 13419
3073 7869 9225 13413 13419 13422
3073 7869 9225 13409 13413 13422
3073 9225 13409 13413 13418 13422
3073 5208 9225 13413 13418 13422
3073 5208 9225 13413 13419 13422
3073 9225 13417 13419
3073 10364 10366 13670
3073 5208 15247 15248 15249 15250 16316 16319
3073 16309 16321 16324 16326
3073 3105 3115 3923
3309 6782 6792
947 3309 5564
935 946 947 949 3309 4399
399 1078 3541
41 947 949 1057 3585 3587
41 255 949 3585 3587
935 946 947 949 1027 3587 7540
234 935 946 947 949 1052 1057 1110 1122 3587
234 935 946 947 949 1052 1057 1076 1122 3587
41 935 947 949 1057 1122 3587
946 947 949 1057 1076 1117 3587
946 947 949 1076 1117 3587 3596
41 947 949 1057 1117 3587
3658 3922 3934
628 640 996 1048 1053 3744
996 3744 6299
1017 3922 3934 13185
1017 1051 1160 3934
988 1028 3934 6140 10904 13185
3939 4915 4944
3939 4944 6073
285 3942 5150 5537 7050
940 3955 5235
3955 12665 12670
1082 4055 5176
4223 4339 5087 5114 15875
28 1142 4226
4289 10522 14323
1034 1095 4439 4444
4456 5114 8829
1101 1144 1177 4456
4456 8826 8828 8831
935 946 947 949 4687 7541 7543
935 946 947 949 1057 4687
949 989 4687 7541 7543
949 989 1057 4687
4688 6225 8510
1142 4915 4921 4944
1144 4915 13956
4944 6073 8828 8831
946 947 949 5150
5169 5537 15248 15249 15250
940 1005 5208
940 5209 5211
1052 5209 5211 8041 11390
940 5233 5236
5236 9317 10381
947 1171 5564
984 989 1074 7541 7543 8905
234 946 949 7855
946 1031 7855
946 1034 7855
234 255 7857 7870
984 989 9225 13409 13413
1155 9225 13419
989 9225 13413 13419
984 989 10141 10904
757 984 989 10904
947 1117 11321
988 1028 1164 16311
